	Data	AED	AUD	BGN	BRL	CAD	CHF	CNY	CZK	DKK	EGP	EUR	GBP	HRK	100																		
0	04-01-21	1.0783	3.064	2.4895	0.7626	3.1245	4.5036	0.6129	0.1863	0.6546	0.2521	4.8691	5.4234	0.6444	1.349	0.0542	3.8537	0.366	0.2308	0.2004	0.467	2.8627	1.0702	0.0414	0.054	0.4849	0.1326	0.5382	0.1401	3.9609	246.2338	5.7384	0.2716
1	05-01-21	1.0798	3.0605	2.4905	0.7487	3.1139	4.5029	0.6136	0.186	0.6548	0.2533	4.871	5.3871	0.6444	1.3489	0.0542	3.8559	0.3645	0.2305	0.1992	0.4652	2.8608	1.0719	0.0414	0.0532	0.4834	0.1324	0.5379	0.1395	3.9661	248.2248	5.7401	0.267
2	06-01-21	1.0745	3.085	2.49	0.7467	3.1232	4.504	0.6115	0.1863	0.6547	0.252	4.87	5.3943	0.6442	1.3621	0.054	3.8378	0.3636	0.2305	0.1994	0.4701	2.8837	1.0801	0.0414	0.0535	0.4843	0.1321	0.5391	0.1396	3.9468	248.0447	5.7248	0.2637
3	07-01-21	1.0825	3.0762	2.49	0.7481	3.1235	4.4971	0.6148	0.1858	0.6546	0.2532	4.8701	5.3938	0.6443	1.362	0.0542	3.835	0.3633	0.2305	0.2005	0.4693	2.8799	1.0793	0.0414	0.0535	0.4832	0.1324	0.5481	0.1397	3.9758	244.4274	5.7446	0.2602
4	08-01-21	1.0833	3.0927	2.4902	0.7355	3.1372	4.4915	0.6155	0.1859	0.6548	0.2534	4.8704	5.4055	0.6434	1.3532	0.0543	3.8306	0.3644	0.2305	0.199	0.4714	2.8871	1.0775	0.0414	0.0534	0.4839	0.1324	0.5415	0.1397	3.9791	241.9034	5.748	0.2594
5	11-01-21	1.0902	3.0901	2.4904	0.7391	3.1349	4.4964	0.6182	0.1857	0.6549	0.2564	4.8709	5.4061	0.6432	1.3506	0.0545	3.8455	0.3646	0.2296	0.1987	0.4709	2.8806	1.0767	0.0414	0.0537	0.4841	0.1329	0.5398	0.1421	4.0044	238.1807	5.7675	0.2585
6	12-01-21	1.0914	3.0962	2.4907	0.7303	3.1443	4.5038	0.6205	0.1859	0.6549	0.2559	4.8715	5.4451	0.6426	1.3507	0.0547	3.8463	0.365	0.2328	0.2008	0.4708	2.8777	1.0765	0.0414	0.054	0.4837	0.1331	0.535	0.143	4.0088	239.7645	5.7761	0.2594
7	13-01-21	1.0897	3.1005	2.4919	0.7519	3.1425	4.5059	0.6186	0.1863	0.6551	0.2553	4.8738	5.4734	0.6431	1.3564	0.0547	3.8507	0.3647	0.2327	0.2016	0.473	2.8782	1.0772	0.0414	0.0542	0.4827	0.1332	0.5375	0.1432	4.0025	238.7503	5.7743	0.2616
8	14-01-21	1.0906	3.1106	2.4914	0.7559	3.1605	4.51	0.6199	0.1862	0.655	0.2558	4.8728	5.4698	0.6437	1.354	0.0549	3.8522	0.3657	0.2322	0.2027	0.4726	2.8823	1.0735	0.0414	0.0546	0.482	0.1336	0.5438	0.1426	4.0058	236.8801	5.777	0.2647
9	15-01-21	1.0937	3.1123	2.4919	0.773	3.1655	4.5274	0.6207	0.1864	0.6552	0.2565	4.8737	5.4853	0.6451	1.3544	0.055	3.8752	0.3656	0.2321	0.2032	0.4726	2.8885	1.0729	0.0414	0.0547	0.4815	0.1338	0.5437	0.1432	4.0172	239.4568	5.7889	0.2649
10	18-01-21	1.1	3.0975	2.492	0.7634	3.162	4.5329	0.6222	0.1861	0.6552	0.2574	4.874	5.4696	0.6453	1.3512	0.0551	3.8928	0.365	0.2326	0.2027	0.4679	2.8697	1.0718	0.0414	0.0544	0.4799	0.1341	0.5397	0.1431	4.0405	238.2202	5.8048	0.2633
11	19-01-21	1.0941	3.0974	2.4921	0.7588	3.1593	4.5297	0.6202	0.1863	0.6552	0.2558	4.8742	5.4736	0.6444	1.3591	0.055	3.8638	0.3645	0.2335	0.2043	0.4705	2.8612	1.0752	0.0415	0.0545	0.4828	0.1338	0.5401	0.1429	4.0186	238.375	5.7871	0.2679
12	20-01-21	1.0946	3.1094	2.4921	0.7504	3.167	4.5221	0.6218	0.1865	0.6553	0.2556	4.8741	5.5103	0.6443	1.3648	0.0551	3.8742	0.365	0.2318	0.2051	0.4724	2.8697	1.0769	0.0415	0.0547	0.4808	0.1341	0.541	0.1424	4.0207	239.7608	5.7942	0.2699
13	21-01-21	1.093	3.1207	2.4919	0.7587	3.1808	4.5251	0.6213	0.1866	0.6551	0.2552	4.8738	5.5099	0.6443	1.3641	0.055	3.883	0.3649	0.231	0.2052	0.4762	2.8967	1.0761	0.0415	0.0545	0.4827	0.1341	0.5425	0.1419	4.0148	241.5144	5.7912	0.2708
14	22-01-21	1.0899	3.0904	2.492	0.7482	3.1524	4.5255	0.6181	0.1866	0.6551	0.2545	4.874	5.4696	0.6442	1.3656	0.0549	3.8612	0.362	0.23	0.2013	0.472	2.8785	1.073	0.0415	0.0535	0.4832	0.1335	0.5407	0.1423	4.0034	238.5807	5.7753	0.2652
15	25-01-21	1.0918	3.0997	2.4922	0.7336	3.1569	4.5228	0.6191	0.187	0.6552	0.255	4.8744	5.4892	0.6442	1.3653	0.055	3.8627	0.3638	0.2289	0.2015	0.473	2.892	1.0734	0.0415	0.0533	0.4844	0.1338	0.5428	0.1424	4.0105	240.0052	5.7825	0.2646
16	26-01-21	1.0943	3.0943	2.4923	0.7352	3.1518	4.519	0.6211	0.1867	0.6552	0.2552	4.8746	5.4869	0.6445	1.3592	0.055	3.8726	0.3635	0.2297	0.1995	0.4695	2.8935	1.0712	0.0415	0.0532	0.4833	0.134	0.5457	0.1427	4.0195	239.1954	5.7907	0.2628
17	27-01-21	1.0941	3.106	2.4923	0.7504	3.1592	4.5279	0.6213	0.1876	0.6553	0.2557	4.8745	5.521	0.6449	1.3547	0.0551	3.8734	0.3635	0.231	0.2003	0.4685	2.9066	1.0722	0.0414	0.0533	0.4826	0.134	0.5457	0.1427	4.0189	238.4625	5.7937	0.265
18	28-01-21	1.0953	3.0642	2.4921	0.7432	3.1303	4.5217	0.6223	0.1868	0.6554	0.2561	4.8742	5.4989	0.6444	1.3533	0.0551	3.86	0.3603	0.2318	0.1983	0.4646	2.8686	1.0721	0.0414	0.0529	0.4817	0.1341	0.5478	0.1429	4.0233	238.2841	5.7935	0.2645
19	29-01-21	1.0947	3.0769	2.4922	0.739	3.1322	4.5231	0.6246	0.1872	0.6555	0.2559	4.8743	5.5021	0.6441	1.3593	0.0551	3.8367	0.3602	0.2328	0.199	0.4701	2.8839	1.0751	0.0414	0.0528	0.4813	0.1344	0.5496	0.143	4.0209	240.0865	5.7923	0.2662
20	01-02-21	1.0984	3.0764	2.4914	0.7385	3.1512	4.5066	0.6239	0.1875	0.6552	0.256	4.8728	5.5304	0.6432	1.3661	0.0552	3.8455	0.3607	0.2319	0.1979	0.4685	2.8937	1.0799	0.0414	0.0533	0.4799	0.1345	0.5593	0.1438	4.0346	241.2581	5.8023	0.267
21	02-02-21	1.1021	3.0821	2.492	0.7451	3.1627	4.5097	0.6269	0.1879	0.6553	0.2573	4.8739	5.5385	0.6428	1.3715	0.0555	3.8562	0.3628	0.2331	0.2004	0.4713	2.9031	1.0833	0.0414	0.0534	0.4801	0.135	0.5672	0.1443	4.0483	240.75	5.8157	0.2707
22	03-02-21	1.1035	3.0888	2.4906	0.755	3.1695	4.5075	0.6273	0.1877	0.655	0.258	4.8713	5.5277	0.6435	1.369	0.0555	3.8575	0.3632	0.2338	0.2013	0.47	2.919	1.0846	0.0414	0.0533	0.4803	0.1349	0.5679	0.1449	4.0532	239.0585	5.8173	0.2708
23	04-02-21	1.1064	3.0982	2.4921	0.759	3.1745	4.5069	0.6288	0.188	0.6554	0.2592	4.8742	5.5185	0.6438	1.3708	0.0557	3.8604	0.3634	0.2333	0.2005	0.4713	2.9214	1.0843	0.0414	0.0539	0.4811	0.1352	0.5701	0.1458	4.0639	236.775	5.8256	0.2711
24	05-02-21	1.108	3.0983	2.4922	0.7499	3.1822	4.5081	0.629	0.1887	0.6555	0.2594	4.8744	5.572	0.6448	1.3669	0.0558	3.8553	0.3625	0.2334	0.2005	0.4728	2.911	1.0844	0.0414	0.0543	0.4819	0.1353	0.5741	0.1466	4.07	236.5089	5.8335	0.272
25	08-02-21	1.103	3.1015	2.492	0.7544	3.1708	4.4973	0.6276	0.1889	0.6554	0.2596	4.874	5.5475	0.6448	1.3598	0.0555	3.8352	0.3615	0.2328	0.2005	0.475	2.9112	1.086	0.0415	0.0544	0.4824	0.1349	0.5722	0.1465	4.0514	236.4315	5.8166	0.2709
26	09-02-21	1.0957	3.1105	2.4923	0.75	3.1631	4.5065	0.6255	0.1894	0.6555	0.2575	4.8745	5.5449	0.6447	1.359	0.0552	3.8471	0.3617	0.2315	0.2007	0.4752	2.914	1.0879	0.0415	0.0544	0.4819	0.1345	0.5668	0.1456	4.0247	238.533	5.8003	0.2718
27	10-02-21	1.0946	3.107	2.4922	0.7475	3.1658	4.5115	0.6237	0.1886	0.6554	0.2567	4.8744	5.5666	0.6444	1.3619	0.0552	3.8392	0.3635	0.2296	0.2	0.4764	2.9012	1.0876	0.0415	0.0545	0.4841	0.1344	0.5704	0.1448	4.0205	238.0588	5.7968	0.2734
28	11-02-21	1.0943	3.1103	2.4921	0.7462	3.1691	4.5133	0.6224	0.1888	0.6553	0.2571	4.8741	5.5555	0.6442	1.3629	0.0552	3.8389	0.3641	0.2293	0.2011	0.4743	2.9024	1.0814	0.0415	0.0545	0.4831	0.1346	0.569	0.1445	4.0194	237.9838	5.7938	0.2742
29	12-02-21	1.096	3.1122	2.4922	0.7501	3.1601	4.5101	0.6234	0.1894	0.6554	0.2576	4.8743	5.5516	0.6438	1.3574	0.0555	3.8352	0.3642	0.2298	0.2006	0.4737	2.8963	1.0824	0.0415	0.0541	0.4837	0.1347	0.5728	0.1446	4.0259	235.6601	5.7978	0.2748
30	15-02-21	1.0939	3.124	2.4923	0.7482	3.1731	4.5101	0.6221	0.1894	0.6554	0.2576	4.8745	5.5881	0.6438	1.3585	0.0553	3.8133	0.3645	0.2306	0.2015	0.4776	2.9071	1.0863	0.0415	0.0548	0.4853	0.1344	0.576	0.1438	4.0179	235.0131	5.7926	0.2777
31	16-02-21	1.091	3.1249	2.4924	0.7462	3.1727	4.5147	0.6205	0.1898	0.6555	0.2571	4.8747	5.5845	0.6438	1.364	0.0551	3.8073	0.3638	0.2309	0.2007	0.4792	2.9109	1.0866	0.0415	0.0547	0.4854	0.1341	0.5785	0.144	4.0073	235.0808	5.7838	0.2774
32	17-02-21	1.1	3.13	2.4923	0.7523	3.181	4.5146	0.6256	0.1886	0.6555	0.2583	4.8746	5.603	0.6438	1.3573	0.0555	3.8117	0.365	0.2305	0.1994	0.477	2.9042	1.0829	0.0415	0.0547	0.4854	0.1347	0.5768	0.1449	4.0403	232.2769	5.8102	0.2737
33	18-02-21	1.0999	3.1411	2.4924	0.7467	3.184	4.5014	0.6244	0.1886	0.6555	0.258	4.8748	5.6275	0.6437	1.3584	0.0556	3.8213	0.3651	0.2324	0.2003	0.4763	2.913	1.0853	0.0415	0.0548	0.4852	0.1346	0.5815	0.1451	4.0399	231.8421	5.8121	0.277
34	19-02-21	1.0931	3.1464	2.4924	0.7398	3.1748	4.493	0.622	0.1884	0.6555	0.2564	4.8747	5.6193	0.6433	1.3594	0.0554	3.8109	0.3637	0.2313	0.1977	0.4765	2.9161	1.0858	0.0415	0.0543	0.4854	0.1339	0.577	0.1443	4.0151	228.7107	5.7933	0.2745
35	22-02-21	1.0941	3.1656	2.4923	0.7466	3.1819	4.4703	0.6218	0.1879	0.6554	0.2565	4.8746	5.6364	0.6438	1.3581	0.0554	3.804	0.3614	0.2288	0.1947	0.4727	2.9364	1.0849	0.0415	0.0538	0.4858	0.1338	0.5747	0.1442	4.0188	232.0818	5.7958	0.2707
36	23-02-21	1.0922	3.1684	2.4923	0.7339	3.1795	4.4579	0.6206	0.188	0.6555	0.2554	4.8745	5.6522	0.6436	1.3568	0.0553	3.8119	0.3604	0.2288	0.1936	0.4714	2.9368	1.0818	0.0415	0.054	0.4831	0.1336	0.5686	0.1438	4.0118	232.9468	5.7928	0.2721
37	24-02-21	1.0917	3.1735	2.4922	0.737	3.1892	4.4221	0.6217	0.1878	0.6555	0.2557	4.8743	5.6714	0.6428	1.3552	0.0555	3.7901	0.3618	0.2288	0.1966	0.475	2.9599	1.0792	0.0415	0.0544	0.4832	0.1335	0.5596	0.1434	4.01	233.0869	5.7919	0.2753
38	25-02-21	1.0848	3.1869	2.4912	0.737	3.1929	4.4025	0.6178	0.1867	0.6553	0.2538	4.8725	5.6427	0.643	1.3531	0.055	3.7566	0.3593	0.2291	0.1939	0.4787	2.9692	1.0813	0.0414	0.0542	0.4851	0.1323	0.5546	0.1429	3.9845	229.6421	5.7658	0.2718
39	26-02-21	1.0947	3.1327	2.4923	0.727	3.1817	4.4406	0.6224	0.1863	0.6555	0.2561	4.8745	5.5894	0.6431	1.3497	0.0546	3.7804	0.3572	0.2284	0.1922	0.4704	2.9377	1.0785	0.0415	0.0539	0.4818	0.1325	0.5447	0.1439	4.0209	228.2335	5.7907	0.2691
40	01-03-21	1.1014	3.1315	2.4922	0.7226	3.1916	4.4299	0.6259	0.1868	0.6555	0.2574	4.8744	5.6469	0.6432	1.3442	0.0551	3.7904	0.3609	0.2309	0.1944	0.468	2.9275	1.0776	0.0415	0.0546	0.4781	0.134	0.5575	0.1444	4.0456	227.171	5.8148	0.2686
41	02-03-21	1.1035	3.1571	2.4924	0.7184	3.2041	4.4161	0.6265	0.1864	0.6555	0.2579	4.8747	5.6329	0.6432	1.3414	0.0553	3.7924	0.3606	0.2316	0.196	0.4752	2.9427	1.0748	0.0415	0.0545	0.481	0.1339	0.553	0.145	4.0535	225.4539	5.8191	0.2691
42	03-03-21	1.0983	3.155	2.4934	0.7107	3.1981	4.4048	0.624	0.1867	0.6559	0.2578	4.8768	5.6412	0.6432	1.3414	0.0554	3.7723	0.3593	0.2314	0.1952	0.4773	2.9408	1.0758	0.0415	0.0547	0.4822	0.1331	0.5472	0.145	4.0341	223.8538	5.8044	0.2702
43	04-03-21	1.1027	3.1499	2.4943	0.7207	3.2009	4.388	0.6262	0.1861	0.6561	0.2579	4.8784	5.6437	0.6434	1.3375	0.0557	3.7737	0.3599	0.2302	0.1943	0.4747	2.9343	1.072	0.0415	0.0549	0.4799	0.1334	0.5428	0.1461	4.0503	223.2049	5.8171	0.2689
44	05-03-21	1.1141	3.1352	2.4967	0.7218	3.2197	4.4065	0.6308	0.1854	0.6566	0.2607	4.8831	5.6478	0.6449	1.3333	0.056	3.7707	0.3622	0.2309	0.1925	0.4769	2.9162	1.0661	0.0415	0.0548	0.4796	0.1341	0.5454	0.1476	4.0924	223.0612	5.8482	0.2669
45	08-03-21	1.1194	3.1502	2.497	0.7225	3.2419	4.406	0.6298	0.1852	0.6568	0.2617	4.8838	5.6917	0.6445	1.3297	0.0562	3.789	0.3629	0.2309	0.1912	0.4799	2.9275	1.0643	0.0415	0.0551	0.4796	0.1336	0.5394	0.1475	4.1118	223.8171	5.8647	0.2655
46	09-03-21	1.1172	3.1633	2.4976	0.6984	3.2562	4.407	0.6299	0.1861	0.6569	0.2609	4.8849	5.6953	0.6444	1.3325	0.0562	3.7742	0.3608	0.2327	0.1926	0.4844	2.9414	1.0659	0.0415	0.0555	0.4813	0.1334	0.5377	0.1482	4.1036	224.7611	5.859	0.2674
47	10-03-21	1.1185	3.1623	2.4983	0.708	3.247	4.4146	0.6311	0.1863	0.6571	0.2612	4.8863	5.7063	0.644	1.331	0.0563	3.7769	0.36	0.2332	0.1937	0.4845	2.9415	1.068	0.0416	0.0555	0.4819	0.1337	0.5416	0.148	4.1084	226.1467	5.8648	0.2692
48	11-03-21	1.1116	3.1747	2.4978	0.7199	3.2456	4.4142	0.6295	0.1863	0.6569	0.2596	4.8854	5.7012	0.6438	1.3345	0.0562	3.7654	0.3606	0.2329	0.1967	0.4859	2.9523	1.0663	0.0416	0.0554	0.4832	0.1337	0.5488	0.1471	4.0832	227.7951	5.8463	0.2733
49	12-03-21	1.1158	3.1772	2.4978	0.7403	3.266	4.4038	0.6298	0.1864	0.657	0.2611	4.8854	5.7102	0.6438	1.3346	0.0564	3.7589	0.3609	0.2304	0.1969	0.484	2.9406	1.0651	0.0416	0.0557	0.4813	0.1332	0.54	0.1479	4.0985	224.5155	5.8556	0.2738
50	15-03-21	1.1146	3.1737	2.4974	0.7374	3.2879	4.4079	0.6298	0.1866	0.6568	0.26	4.8846	5.704	0.6443	1.3302	0.0565	3.7542	0.3615	0.231	0.1983	0.4852	2.9472	1.0655	0.0415	0.0561	0.4794	0.1333	0.5459	0.1481	4.0942	227.6495	5.8516	0.2755
51	16-03-21	1.1138	3.1644	2.4982	0.7284	3.2807	4.4248	0.6295	0.1864	0.6571	0.2606	4.8861	5.6631	0.6447	1.3314	0.0564	3.7484	0.362	0.2313	0.198	0.4844	2.9402	1.0635	0.0416	0.0561	0.4821	0.1331	0.547	0.148	4.0908	228.098	5.8457	0.2761
52	17-03-21	1.1173	3.1738	2.4991	0.7297	3.293	4.4305	0.6313	0.1871	0.6573	0.2608	4.8879	5.7122	0.6451	1.3299	0.0566	3.7625	0.3634	0.2309	0.1985	0.4836	2.9485	1.0611	0.0416	0.0561	0.4823	0.1333	0.548	0.1483	4.1042	229.1115	5.862	0.2755
53	18-03-21	1.1143	3.1981	2.499	0.7329	3.2999	4.4206	0.6295	0.1869	0.6573	0.2601	4.8876	5.7195	0.645	1.3295	0.0564	3.7539	0.3642	0.2314	0.2002	0.4858	2.9592	1.0569	0.0416	0.0555	0.482	0.1329	0.5491	0.1479	4.0931	228.267	5.8531	0.2783
54	19-03-21	1.118	3.1845	2.498	0.7386	3.2918	4.4229	0.6311	0.187	0.657	0.2619	4.8858	5.7191	0.6449	1.3282	0.0567	3.773	0.3634	0.2301	0.2021	0.4823	2.9433	1.0577	0.0416	0.0556	0.4809	0.1332	0.5679	0.1481	4.1067	229.4042	5.8643	0.2796
55	22-03-21	1.1169	3.1683	2.4976	0.7474	3.283	4.4274	0.6302	0.1872	0.6569	0.2608	4.885	5.6806	0.6449	1.3298	0.0567	3.7718	0.3636	0.2306	0.1977	0.4801	2.9378	1.059	0.0415	0.0551	0.4805	0.1327	0.5133	0.1481	4.1026	228.4416	5.8572	0.2778
56	23-03-21	1.1199	3.1521	2.4996	0.747	3.2684	4.4257	0.6316	0.1865	0.6574	0.2615	4.8888	5.6603	0.6453	1.3337	0.0568	3.7917	0.3639	0.23	0.198	0.4795	2.8946	1.0614	0.0416	0.0542	0.4801	0.1327	0.5167	0.1483	4.1136	230.1267	5.8672	0.2765
57	24-03-21	1.1257	3.1482	2.4995	0.7488	3.2844	4.4191	0.6341	0.1858	0.6575	0.2624	4.8886	5.6666	0.6455	1.3367	0.0569	3.8029	0.3651	0.2305	0.1996	0.4812	2.8882	1.0561	0.0416	0.0544	0.4806	0.1332	0.5188	0.1484	4.1348	230.1503	5.8838	0.2796
58	25-03-21	1.126	3.1478	2.4984	0.7358	3.2951	4.4223	0.6325	0.1861	0.6571	0.2626	4.8864	5.6769	0.645	1.3395	0.057	3.791	0.3647	0.2309	0.1984	0.4816	2.8885	1.0542	0.0416	0.0545	0.4796	0.133	0.5222	0.148	4.1361	230.1064	5.8816	0.278
59	26-03-21	1.1291	3.1575	2.4986	0.7341	3.2961	4.412	0.6341	0.187	0.6572	0.2641	4.8869	5.7147	0.645	1.3424	0.0572	3.7852	0.3667	0.231	0.2012	0.4823	2.8986	1.0539	0.0416	0.0546	0.48	0.1334	0.5125	0.1483	4.1472	230.1684	5.8921	0.276
60	29-03-21	1.1317	3.1781	2.5039	0.7222	3.301	4.4321	0.6336	0.1874	0.6586	0.2643	4.8972	5.7486	0.6464	1.3505	0.0572	3.7941	0.3671	0.2315	0.2007	0.4846	2.9073	1.0523	0.0417	0.0547	0.4788	0.1334	0.5087	0.1485	4.157	230.5418	5.9056	0.2774
61	30-03-21	1.14	3.1967	2.5133	0.7242	3.3274	4.4447	0.6376	0.1882	0.6611	0.2662	4.9156	5.7614	0.6494	1.3533	0.057	3.7974	0.3692	0.232	0.2029	0.4893	2.932	1.0572	0.0418	0.0552	0.4795	0.134	0.5015	0.1502	4.1876	228.4945	5.9361	0.2801
62	31-03-21	1.1426	3.1974	2.5181	0.727	3.3299	4.4513	0.6404	0.1884	0.6622	0.2671	4.9251	5.7864	0.6505	1.3542	0.0574	3.7961	0.3717	0.2331	0.2042	0.4921	2.9369	1.0562	0.0419	0.0555	0.4815	0.1343	0.5032	0.1507	4.1969	227.4991	5.95	0.2836
63	01-04-21	1.139	3.1656	2.5113	0.7427	3.3256	4.4216	0.6363	0.1884	0.6604	0.2666	4.9117	5.7615	0.6487	1.3564	0.057	3.7771	0.37	0.2317	0.2049	0.4894	2.9163	1.0633	0.0418	0.0551	0.4788	0.1336	0.5094	0.1503	4.1836	230.5864	5.9283	0.2835
64	02-04-21	1.1348	3.1724	2.5107	0.7302	3.3183	4.4304	0.6352	0.1881	0.6602	0.2653	4.9106	5.7656	0.6488	1.3586	0.0568	3.7738	0.3696	0.2313	0.2055	0.4887	2.9279	1.0672	0.0418	0.0547	0.4782	0.1332	0.5183	0.1491	4.1684	231.7812	5.9181	0.2848
65	05-04-21	1.1399	3.1901	2.5135	0.7336	3.3331	4.4393	0.6376	0.1889	0.6609	0.2664	4.9161	5.8021	0.6495	1.3624	0.0571	3.7853	0.3711	0.231	0.2063	0.4897	2.9486	1.0695	0.0418	0.0548	0.4782	0.1333	0.5145	0.1499	4.1871	232.3158	5.938	0.2861
66	06-04-21	1.1332	3.1687	2.514	0.7349	3.3161	4.4347	0.6353	0.1886	0.661	0.2645	4.917	5.7576	0.6496	1.3619	0.0567	3.7671	0.3712	0.2319	0.2045	0.4882	2.9199	1.0698	0.0418	0.0545	0.4785	0.1327	0.5113	0.1497	4.1629	231.6833	5.9161	0.2862
67	07-04-21	1.1262	3.1543	2.5139	0.7399	3.2841	4.4524	0.6322	0.1896	0.6612	0.263	4.9168	5.7192	0.649	1.3654	0.0556	3.7667	0.3699	0.2312	0.205	0.4872	2.9101	1.0721	0.0418	0.0533	0.4794	0.1319	0.5073	0.1481	4.1372	231.0969	5.8943	0.2848
68	08-04-21	1.1292	3.1653	2.517	0.7389	3.2898	4.4653	0.6332	0.1907	0.6619	0.2637	4.9228	5.7007	0.6495	1.373	0.0556	3.7857	0.3715	0.2301	0.2057	0.4892	2.9151	1.081	0.0419	0.0538	0.4828	0.1318	0.5078	0.1483	4.1478	232.5493	5.9045	0.2857
69	09-04-21	1.1266	3.1519	2.5161	0.7432	3.2864	4.4671	0.6311	0.1896	0.6617	0.2634	4.9212	5.6712	0.6497	1.3732	0.0554	3.7739	0.3695	0.2309	0.2052	0.4859	2.9112	1.0842	0.0419	0.0536	0.4835	0.1319	0.51	0.1483	4.1382	232.3306	5.8923	0.2841
70	12-04-21	1.1253	3.1544	2.5158	0.7273	3.2946	4.4728	0.6314	0.1887	0.6616	0.2634	4.9205	5.6802	0.6502	1.38	0.0551	3.7799	0.3676	0.2308	0.2053	0.4864	2.9111	1.086	0.0419	0.0534	0.4828	0.1316	0.5055	0.148	4.1335	231.4488	5.891	0.2832
71	13-04-21	1.1262	3.1519	2.5168	0.7215	3.2862	4.472	0.6317	0.189	0.6619	0.2632	4.9225	5.6963	0.6504	1.3721	0.0549	3.7844	0.3682	0.2309	0.2052	0.4857	2.9107	1.078	0.0419	0.0536	0.4826	0.1317	0.5084	0.1476	4.1367	229.6754	5.8958	0.284
72	14-04-21	1.1211	3.1662	2.5169	0.7202	3.2818	4.4688	0.6305	0.1897	0.6619	0.2619	4.9226	5.6719	0.65	1.3715	0.0548	3.7764	0.3695	0.2314	0.2048	0.4877	2.9274	1.08	0.0419	0.0544	0.4851	0.1319	0.5126	0.1475	4.118	230.7072	5.8807	0.2838
73	15-04-21	1.1192	3.1865	2.5178	0.7271	3.2911	4.456	0.6301	0.1898	0.6622	0.2624	4.9245	5.6701	0.651	1.3721	0.0548	3.7808	0.3688	0.2304	0.2055	0.4904	2.9482	1.0812	0.0419	0.0536	0.4859	0.1315	0.5123	0.1471	4.1111	231.0234	5.8775	0.2874
74	16-04-21	1.1195	3.1855	2.5177	0.7321	3.2874	4.473	0.6304	0.1901	0.6621	0.2622	4.9243	5.6647	0.6509	1.3647	0.0553	3.7785	0.3686	0.2303	0.2063	0.4908	2.944	1.0825	0.0419	0.0543	0.4877	0.1316	0.5099	0.147	4.112	233.8266	5.8775	0.2885
75	19-04-21	1.1145	3.1848	2.5186	0.7327	3.2805	4.4797	0.6288	0.19	0.6624	0.2611	4.9261	5.6851	0.6506	1.3668	0.0547	3.7879	0.3674	0.2296	0.2063	0.4932	2.9435	1.0831	0.0419	0.0538	0.488	0.1313	0.5086	0.1463	4.0937	235.3486	5.8688	0.2876
76	20-04-21	1.1128	3.18	2.5196	0.737	3.2656	4.4613	0.629	0.1901	0.6626	0.2607	4.9279	5.7162	0.6508	1.366	0.0546	3.7671	0.3669	0.2281	0.2057	0.4927	2.9456	1.0817	0.0419	0.0536	0.4867	0.1307	0.504	0.1459	4.0872	232.2817	5.866	0.286
77	21-04-21	1.1171	3.1665	2.5186	0.7368	3.2582	4.4735	0.6313	0.1902	0.6624	0.2611	4.926	5.7173	0.6503	1.3598	0.0543	3.7938	0.3665	0.2271	0.2057	0.4905	2.945	1.0818	0.0419	0.0533	0.4846	0.1309	0.502	0.1458	4.1031	234.7214	5.8803	0.2872
78	22-04-21	1.1138	3.1684	2.5183	0.7346	3.2737	4.4662	0.6302	0.1904	0.6623	0.2612	4.9255	5.687	0.6504	1.3555	0.0545	3.7858	0.3658	0.2277	0.2051	0.4917	2.9371	1.081	0.0419	0.0537	0.4867	0.1305	0.4937	0.1457	4.0911	235.1457	5.8684	0.2866
79	23-04-21	1.1122	3.1584	2.5184	0.7503	3.2715	4.4639	0.6291	0.1904	0.6624	0.2602	4.9257	5.6702	0.6506	1.3553	0.0544	3.7859	0.3656	0.2272	0.2054	0.4899	2.9317	1.0788	0.0419	0.0543	0.4854	0.1301	0.4898	0.1464	4.0852	234.5622	5.8625	0.2858
80	26-04-21	1.1079	3.1702	2.5175	0.7433	3.2672	4.4521	0.6276	0.1907	0.6621	0.2597	4.9238	5.6625	0.6508	1.3533	0.0545	3.7769	0.3667	0.2275	0.2054	0.4903	2.9386	1.0808	0.0419	0.0543	0.4858	0.1295	0.4893	0.1462	4.0694	232.9449	5.8493	0.2856
81	27-04-21	1.1118	3.1718	2.5186	0.7511	3.2893	4.4646	0.6297	0.1903	0.6624	0.2599	4.926	5.6666	0.6511	1.3561	0.0547	3.7707	0.3674	0.2272	0.2049	0.4915	2.9414	1.0796	0.0419	0.0544	0.4854	0.1302	0.4963	0.1467	4.0837	233.9081	5.8602	0.285
82	28-04-21	1.1115	3.1619	2.5191	0.7488	3.29	4.4586	0.6297	0.1898	0.6626	0.2601	4.927	5.6704	0.6518	1.3604	0.0549	3.7471	0.3666	0.228	0.2037	0.4934	2.9435	1.0754	0.0419	0.0546	0.4872	0.1302	0.4984	0.147	4.0827	231.8607	5.8576	0.2841
83	29-04-21	1.1059	3.161	2.5179	0.7603	3.3003	4.4687	0.628	0.1905	0.6623	0.2594	4.9247	5.67	0.6519	1.3649	0.0549	3.7269	0.3665	0.2288	0.204	0.4954	2.946	1.0769	0.0419	0.0547	0.4866	0.1301	0.4988	0.1464	4.0621	231.9385	5.8405	0.2859
84	04-05-21	1.1165	3.1655	2.5184	0.7539	3.33	4.4825	0.6335	0.1906	0.6624	0.2618	4.9256	5.6937	0.6531	1.3682	0.0555	3.7494	0.365	0.2295	0.2028	0.4933	2.9275	1.0827	0.0419	0.0545	0.4849	0.1315	0.4931	0.1474	4.1011	235.2439	5.8738	0.2834
85	05-05-21	1.1172	3.169	2.5183	0.7537	3.34	4.4827	0.6339	0.1904	0.6624	0.2623	4.9254	5.703	0.6539	1.3692	0.0555	3.753	0.3647	0.2308	0.203	0.4931	2.9433	1.0771	0.0419	0.0549	0.4829	0.132	0.4904	0.148	4.1035	234.7735	5.8767	0.284
86	06-05-21	1.113	3.1691	2.5189	0.7636	3.3386	4.4961	0.6314	0.1908	0.6625	0.2609	4.9266	5.6915	0.654	1.3742	0.0554	3.7459	0.3638	0.2306	0.2023	0.4907	2.9482	1.0744	0.0419	0.0548	0.4836	0.1308	0.4909	0.1473	4.0881	235.7106	5.8639	0.2866
87	07-05-21	1.1108	3.1708	2.5187	0.7732	3.3476	4.4941	0.6322	0.1913	0.6625	0.2604	4.9262	5.677	0.6538	1.3738	0.0555	3.7392	0.364	0.2293	0.2033	0.4911	2.9451	1.0756	0.0419	0.055	0.4854	0.1308	0.4931	0.1469	4.08	238.772	5.8577	0.2861
88	10-05-21	1.1024	3.1884	2.5185	0.7736	3.3424	4.4955	0.6314	0.1921	0.6624	0.2578	4.9259	5.7056	0.6538	1.3753	0.0552	3.7243	0.3635	0.2293	0.2037	0.4932	2.9524	1.077	0.0419	0.0547	0.4871	0.1303	0.4905	0.1462	4.0492	239.1391	5.8395	0.2894
89	11-05-21	1.1023	3.1777	2.5189	0.7751	3.3462	4.4882	0.6305	0.1925	0.6626	0.2582	4.9265	5.7238	0.6538	1.3738	0.0552	3.7198	0.362	0.229	0.2037	0.4914	2.9498	1.0817	0.0419	0.0548	0.4869	0.1302	0.4868	0.1463	4.0491	239.3472	5.8398	0.2898
90	12-05-21	1.1053	3.1684	2.5188	0.7774	3.3591	4.4905	0.6303	0.1928	0.6625	0.2589	4.9263	5.7396	0.6546	1.3768	0.0553	3.733	0.3606	0.2277	0.2031	0.4914	2.9357	1.0847	0.0419	0.0547	0.4871	0.1301	0.4888	0.1468	4.0599	239.3755	5.8489	0.2899
91	13-05-21	1.1114	3.1468	2.5189	0.7696	3.3657	4.4948	0.6324	0.1927	0.6625	0.2603	4.9265	5.7278	0.6545	1.3792	0.0555	3.7249	0.3604	0.2288	0.2028	0.4868	2.9214	1.0838	0.0419	0.0549	0.4839	0.1301	0.4802	0.1478	4.0823	237.9383	5.8621	0.2893
92	14-05-21	1.1076	3.1478	2.5182	0.7663	3.3515	4.499	0.632	0.1928	0.6623	0.2598	4.9253	5.7191	0.655	1.383	0.0555	3.7206	0.3604	0.2302	0.2048	0.4904	2.9288	1.0859	0.0419	0.0549	0.4858	0.1297	0.4811	0.1473	4.0683	239.7988	5.8519	0.2879
93	17-05-21	1.1033	3.1433	2.5184	0.7686	3.3465	4.4985	0.6293	0.1933	0.6624	0.2588	4.9256	5.7135	0.6552	1.3998	0.0553	3.7111	0.3567	0.2294	0.2037	0.4902	2.9216	1.0863	0.0419	0.0548	0.4853	0.1289	0.4862	0.147	4.0527	240.8982	5.8384	0.2866
94	18-05-21	1.0979	3.144	2.519	0.7647	3.351	4.4926	0.6277	0.1936	0.6625	0.2566	4.9268	5.7268	0.6552	1.4045	0.0552	3.7021	0.3572	0.228	0.2044	0.4913	2.9238	1.0895	0.0419	0.0547	0.4859	0.1282	0.4838	0.1471	4.0326	242.2201	5.8257	0.288
95	19-05-21	1.0983	3.1255	2.519	0.7668	3.3386	4.4778	0.6266	0.1934	0.6626	0.2572	4.9267	5.7168	0.656	1.4027	0.0551	3.6966	0.357	0.2272	0.2027	0.4871	2.9016	1.088	0.0419	0.0547	0.4846	0.1282	0.4796	0.147	4.0341	241.0874	5.8239	0.2873
96	20-05-21	1.1006	3.1302	2.5189	0.7613	3.3324	4.4837	0.6279	0.1931	0.6625	0.258	4.9265	5.7099	0.6561	1.4063	0.0553	3.7097	0.3569	0.2272	0.2032	0.4845	2.9005	1.0904	0.0419	0.0549	0.4838	0.1288	0.4825	0.1472	4.0426	242.8588	5.8311	0.2869
97	21-05-21	1.0966	3.1282	2.519	0.7625	3.3426	4.4942	0.6264	0.1935	0.6625	0.2569	4.9268	5.7258	0.6563	1.4105	0.0553	3.7073	0.3574	0.2277	0.2027	0.485	2.903	1.0968	0.0419	0.0549	0.4866	0.1284	0.4814	0.1468	4.0281	243.4675	5.8222	0.2892
98	24-05-21	1.0988	3.1169	2.5186	0.7525	3.3446	4.4944	0.6278	0.1938	0.6625	0.2576	4.9261	5.7028	0.6566	1.4161	0.0553	3.7066	0.358	0.2275	0.2023	0.4835	2.8944	1.097	0.0419	0.0549	0.4849	0.1287	0.4806	0.1472	4.0356	243.9746	5.8256	0.2881
99	25-05-21	1.0941	3.1203	2.5179	0.7554	3.3377	4.4953	0.6274	0.1934	0.6623	0.2563	4.9246	5.6978	0.6556	1.415	0.0552	3.6933	0.3581	0.228	0.2025	0.4829	2.9067	1.0989	0.0419	0.0548	0.4863	0.1281	0.4789	0.1464	4.0189	243.434	5.8131	0.2907
100	26-05-21	1.0944	3.1273	2.5168	0.7539	3.3287	4.4919	0.6287	0.1933	0.662	0.2559	4.9225	5.6934	0.6553	1.4056	0.0553	3.6913	0.3597	0.2277	0.2022	0.4833	2.9369	1.0947	0.0419	0.0547	0.4851	0.1286	0.4764	0.1459	4.02	246.5081	5.8136	0.2905
101	27-05-21	1.0978	3.1201	2.5135	0.7591	3.3296	4.4856	0.6323	0.1931	0.6611	0.2567	4.916	5.6948	0.6544	1.409	0.0556	3.693	0.361	0.2277	0.2032	0.4813	2.9412	1.095	0.0418	0.0549	0.4852	0.1289	0.4766	0.1465	4.0325	245.9416	5.8223	0.294
102	28-05-21	1.0991	3.1171	2.515	0.7706	3.3371	4.4896	0.634	0.1931	0.6615	0.2575	4.919	5.7248	0.6543	1.4132	0.0557	3.6736	0.3623	0.2286	0.2019	0.4832	2.9289	1.097	0.0418	0.0549	0.4862	0.1292	0.471	0.1468	4.0373	245.6046	5.8283	0.2919
103	31-05-21	1.0989	3.1222	2.5154	0.7724	3.3456	4.4854	0.6336	0.1928	0.6616	0.2576	4.9198	5.7227	0.6553	1.4135	0.0556	3.6799	0.3637	0.2294	0.2024	0.4817	2.9298	1.0968	0.0418	0.055	0.4855	0.1292	0.4749	0.1469	4.0361	247.3362	5.828	0.2932
104	02-06-21	1.0999	3.12	2.5154	0.7842	3.3457	4.4808	0.6328	0.1934	0.6616	0.2569	4.9197	5.7129	0.6555	1.4191	0.0553	3.6794	0.3627	0.2285	0.2023	0.4852	2.9169	1.101	0.0418	0.0549	0.4878	0.1297	0.4691	0.1477	4.04	246.3062	5.8286	0.2936
105	03-06-21	1.0994	3.1217	2.5169	0.7955	3.3479	4.4872	0.6319	0.1932	0.662	0.2576	4.9227	5.7264	0.6561	1.4234	0.0554	3.6785	0.3625	0.2294	0.2024	0.486	2.9152	1.1045	0.0419	0.0552	0.4875	0.1297	0.4672	0.1477	4.0381	245.7149	5.8286	0.2981
106	04-06-21	1.1063	3.1147	2.517	0.8002	3.3509	4.4939	0.6339	0.1936	0.662	0.259	4.9228	5.7405	0.656	1.4192	0.0556	3.6897	0.364	0.229	0.2014	0.4839	2.9074	1.101	0.0419	0.0555	0.4868	0.13	0.4689	0.1491	4.0636	244.4672	5.8482	0.2975
107	07-06-21	1.1021	3.1365	2.5171	0.8021	3.3494	4.501	0.6328	0.1937	0.662	0.2574	4.923	5.7231	0.6564	1.4225	0.0556	3.6989	0.364	0.2303	0.2038	0.4891	2.9204	1.1034	0.0419	0.0556	0.4896	0.1298	0.4703	0.149	4.048	245.2812	5.8377	0.3002
108	08-06-21	1.1011	3.1293	2.517	0.8014	3.3467	4.5075	0.6322	0.1937	0.662	0.2581	4.9229	5.718	0.6565	1.4183	0.0555	3.6921	0.3623	0.2292	0.2042	0.49	2.9137	1.1012	0.0419	0.0556	0.4883	0.1296	0.4712	0.1489	4.0446	246.0953	5.8338	0.2976
109	09-06-21	1.0997	3.1274	2.5172	0.802	3.3405	4.509	0.6323	0.1939	0.662	0.2576	4.9232	5.724	0.6566	1.4176	0.0553	3.6888	0.3625	0.2287	0.2056	0.4891	2.9084	1.105	0.0419	0.0559	0.4892	0.1296	0.4712	0.1491	4.0392	245.3339	5.8309	0.2976
110	10-06-21	1.1015	3.1304	2.5165	0.7991	3.3406	4.5131	0.6331	0.1935	0.6619	0.2586	4.9218	5.7025	0.6564	1.4217	0.0554	3.6939	0.3627	0.2282	0.2051	0.486	2.9059	1.0983	0.0419	0.056	0.4886	0.1298	0.4745	0.1493	4.0459	244.5916	5.8339	0.2966
111	11-06-21	1.102	3.1386	2.5156	0.8006	3.3447	4.515	0.6334	0.1944	0.6617	0.2583	4.9202	5.7275	0.6568	1.4203	0.0554	3.6948	0.3638	0.2286	0.2053	0.4878	2.9097	1.0997	0.0418	0.0565	0.4891	0.1303	0.4842	0.1498	4.0467	246.3162	5.836	0.298
112	14-06-21	1.1054	3.1337	2.5149	0.7938	3.3408	4.5162	0.6346	0.1937	0.6615	0.2591	4.9188	5.7235	0.6567	1.4097	0.0554	3.7034	0.3632	0.2287	0.2042	0.4887	2.9034	1.0925	0.0418	0.0562	0.4884	0.1305	0.4877	0.1504	4.0604	242.7733	5.8457	0.2951
113	15-06-21	1.1059	3.1225	2.5177	0.8028	3.3359	4.5208	0.6347	0.1934	0.6622	0.259	4.9243	5.7176	0.6575	1.4027	0.0554	3.6878	0.3633	0.2294	0.2037	0.4882	2.8964	1.0873	0.0419	0.0565	0.4885	0.1304	0.4751	0.1509	4.0623	243.3369	5.8466	0.2945
114	16-06-21	1.1058	3.1307	2.5176	0.8051	3.3335	4.5194	0.6348	0.1935	0.6622	0.2589	4.9241	5.7324	0.6581	1.4009	0.0554	3.694	0.3632	0.2296	0.2035	0.4869	2.9014	1.0886	0.0419	0.0565	0.4864	0.1303	0.4745	0.1501	4.062	242.8805	5.8484	0.2952
115	17-06-21	1.1224	3.1319	2.5177	0.8154	3.3467	4.5075	0.6409	0.1932	0.6621	0.2628	4.9242	5.762	0.657	1.3918	0.0557	3.7244	0.3643	0.2294	0.2017	0.4841	2.905	1.086	0.0419	0.0568	0.4833	0.1313	0.4786	0.1517	4.1226	239.3938	5.8961	0.2931
116	18-06-21	1.1255	3.1162	2.5181	0.8254	3.3425	4.4992	0.6423	0.1931	0.6623	0.2639	4.925	5.7441	0.6566	1.3889	0.056	3.7521	0.3659	0.2321	0.2023	0.4811	2.8885	1.0833	0.0419	0.0573	0.4824	0.1314	0.4771	0.152	4.134	238.2808	5.9062	0.2932
117	22-06-21	1.1279	3.1077	2.5182	0.8262	3.3447	4.5003	0.6397	0.1927	0.6624	0.2644	4.9253	5.7465	0.6568	1.3906	0.0557	3.7512	0.3649	0.231	0.2012	0.4814	2.8897	1.0861	0.0419	0.0566	0.484	0.1305	0.4751	0.1516	4.1431	236.935	5.9093	0.2893
118	23-06-21	1.1232	3.1205	2.5185	0.832	3.3554	4.493	0.6369	0.1936	0.6624	0.2632	4.9259	5.7599	0.6567	1.4121	0.0555	3.7191	0.3631	0.2305	0.2031	0.4849	2.904	1.0897	0.0419	0.0568	0.4872	0.1295	0.4786	0.1514	4.1259	236.4357	5.894	0.2907
119	24-06-21	1.1225	3.123	2.5177	0.8302	3.3538	4.489	0.6374	0.1941	0.6622	0.2631	4.9242	5.7569	0.6566	1.4083	0.0556	3.7182	0.364	0.2293	0.2048	0.4845	2.9092	1.0888	0.0419	0.057	0.4869	0.1294	0.4769	0.1504	4.1233	236.1626	5.8919	0.2899
120	25-06-21	1.1228	3.1301	2.5183	0.8391	3.3523	4.4985	0.6391	0.1935	0.6623	0.2632	4.9254	5.7365	0.6568	1.4015	0.0556	3.7239	0.3657	0.2292	0.2082	0.4857	2.9161	1.0927	0.0419	0.0572	0.4873	0.1299	0.4744	0.1506	4.1241	236.4054	5.8935	0.2921
121	28-06-21	1.1232	3.129	2.5186	0.836	3.3509	4.4931	0.6391	0.193	0.6624	0.2628	4.926	5.7413	0.657	1.4029	0.0556	3.7262	0.3648	0.229	0.2075	0.4845	2.9119	1.0925	0.0419	0.0572	0.4869	0.1291	0.472	0.1506	4.1256	235.5924	5.8953	0.2893
122	29-06-21	1.1259	3.1176	2.5187	0.8395	3.3447	4.4949	0.6404	0.1936	0.6625	0.2635	4.9262	5.7335	0.6573	1.4056	0.0557	3.7415	0.3657	0.2292	0.2084	0.4833	2.8975	1.091	0.0419	0.0571	0.4855	0.1291	0.4745	0.1521	4.1357	235.5141	5.9036	0.2891
123	30-06-21	1.1278	3.1081	2.519	0.8357	3.3389	4.4913	0.6415	0.1931	0.6625	0.2642	4.9267	5.7374	0.6575	1.4008	0.0557	3.7492	0.3671	0.2302	0.2088	0.4833	2.8924	1.0913	0.0419	0.0567	0.4864	0.1293	0.4762	0.1522	4.1425	234.1742	5.9101	0.2894
124	01-07-21	1.1313	3.1117	2.5186	0.836	3.351	4.4887	0.6427	0.1933	0.6625	0.2648	4.9261	5.7244	0.6577	1.4008	0.0557	3.7275	0.367	0.2304	0.208	0.4814	2.9032	1.0907	0.0419	0.057	0.4847	0.1296	0.4795	0.1517	4.1555	237.0099	5.9151	0.2906
125	02-07-21	1.1342	3.1048	2.5191	0.8252	3.3524	4.496	0.6428	0.1925	0.6626	0.2657	4.9269	5.7313	0.6578	1.4003	0.0557	3.7359	0.3668	0.2306	0.2085	0.4807	2.8982	1.0878	0.0419	0.0566	0.4849	0.1294	0.4792	0.1521	4.166	238.7703	5.9232	0.2878
126	05-07-21	1.1294	3.1253	2.5189	0.82	3.3607	4.5047	0.6421	0.1926	0.6625	0.2646	4.9266	5.7466	0.6579	1.4027	0.0558	3.7421	0.3669	0.2309	0.2095	0.4837	2.9142	1.0928	0.0419	0.0566	0.4856	0.1292	0.4774	0.1521	4.1484	239.0353	5.9142	0.2914
127	06-07-21	1.1331	3.1529	2.5189	0.8174	3.3682	4.5051	0.6437	0.1924	0.6625	0.2651	4.9265	5.762	0.6581	1.3934	0.0558	3.7564	0.3672	0.2293	0.2098	0.4833	2.9473	1.0943	0.0419	0.0567	0.4859	0.1293	0.4796	0.1526	4.1619	241.948	5.9267	0.2922
128	07-07-21	1.1341	3.1305	2.5191	0.8015	3.3479	4.5138	0.6444	0.1922	0.6626	0.2655	4.927	5.7498	0.6583	1.3891	0.0558	3.7615	0.3665	0.2304	0.2084	0.4802	2.9284	1.0906	0.0419	0.0561	0.4844	0.1291	0.4796	0.1528	4.1655	241.8316	5.9293	0.2906
129	08-07-21	1.1336	3.0993	2.519	0.7958	3.3172	4.5392	0.6425	0.1909	0.6625	0.2654	4.9268	5.7432	0.6578	1.3766	0.0557	3.7865	0.3627	0.2308	0.2075	0.4754	2.9045	1.0856	0.0419	0.0555	0.4839	0.1282	0.4791	0.1527	4.164	242.4736	5.9287	0.2903
130	09-07-21	1.1324	3.1003	2.5197	0.7909	3.3238	4.5468	0.6411	0.1913	0.6627	0.2651	4.9281	5.7364	0.6577	1.3857	0.0557	3.7798	0.3624	0.2303	0.2087	0.4763	2.8961	1.0834	0.0419	0.0559	0.4838	0.1276	0.4788	0.1522	4.1596	241.3706	5.924	0.2913
131	12-07-21	1.1316	3.1019	2.5194	0.7903	3.3279	4.5388	0.6421	0.1914	0.6625	0.2643	4.9275	5.7605	0.6575	1.3866	0.0557	3.7744	0.3624	0.2298	0.2082	0.4765	2.8944	1.0819	0.0419	0.0556	0.4832	0.1272	0.4821	0.1522	4.1566	240.6878	5.9243	0.2884
132	13-07-21	1.1332	3.1131	2.5195	0.8045	3.3353	4.5428	0.6436	0.1919	0.6625	0.2648	4.9278	5.7669	0.6575	1.3815	0.0559	3.7735	0.3638	0.2303	0.2092	0.4779	2.9058	1.0776	0.0419	0.0562	0.4838	0.1277	0.4823	0.1523	4.1625	241.9105	5.93	0.2853
133	14-07-21	1.1378	3.1114	2.5198	0.8093	3.3416	4.5475	0.646	0.1919	0.6626	0.2664	4.9283	5.7874	0.658	1.3759	0.056	3.7827	0.3636	0.2306	0.2092	0.4764	2.9268	1.0749	0.0419	0.0564	0.4824	0.1279	0.484	0.1531	4.1792	243.7421	5.945	0.2839
134	15-07-21	1.1327	3.1067	2.5195	0.8204	3.3253	4.5593	0.6442	0.1928	0.6626	0.2647	4.9277	5.7553	0.6577	1.3725	0.0558	3.7897	0.3645	0.2317	0.2092	0.4758	2.9185	1.0764	0.0419	0.0561	0.4821	0.1274	0.4861	0.1525	4.1607	245.1423	5.9303	0.2863
135	16-07-21	1.1349	3.101	2.5193	0.8155	3.3153	4.5366	0.6447	0.1931	0.6625	0.2654	4.9274	5.7641	0.6572	1.3706	0.0559	3.7856	0.3656	0.2316	0.2098	0.4741	2.9285	1.0746	0.0419	0.0563	0.4811	0.1273	0.4888	0.1532	4.1687	244.3812	5.9356	0.2903
136	19-07-21	1.1386	3.0799	2.5187	0.8176	3.2757	4.5405	0.6449	0.1924	0.6623	0.2669	4.9262	5.7448	0.6567	1.3712	0.0559	3.8108	0.3636	0.2324	0.2093	0.4686	2.915	1.0741	0.0419	0.0562	0.4801	0.1273	0.4873	0.1536	4.1824	242.5993	5.9446	0.289
137	20-07-21	1.1362	3.0584	2.5182	0.7946	3.2736	4.5497	0.6443	0.1921	0.6622	0.2663	4.9253	5.7006	0.6554	1.3728	0.056	3.8139	0.3636	0.2328	0.2084	0.464	2.8841	1.0711	0.0419	0.056	0.4799	0.1272	0.4875	0.1534	4.1736	243.8542	5.9352	0.2876
138	21-07-21	1.1392	3.059	2.5179	0.8014	3.2985	4.5374	0.6466	0.1917	0.6621	0.267	4.9247	5.7032	0.6545	1.367	0.0561	3.8008	0.3623	0.2325	0.2079	0.4664	2.8963	1.0716	0.0419	0.0563	0.4809	0.1274	0.487	0.1537	4.1843	242.7486	5.9422	0.2851
139	22-07-21	1.1364	3.0827	2.5176	0.8044	3.3237	4.5474	0.6455	0.1922	0.662	0.2664	4.9241	5.736	0.6541	1.3721	0.0561	3.7853	0.3636	0.2323	0.2071	0.4728	2.9082	1.0766	0.0419	0.0566	0.4813	0.127	0.4876	0.1535	4.174	241.2278	5.9359	0.2871
140	23-07-21	1.1386	3.0855	2.5165	0.8041	3.3284	4.5428	0.646	0.1916	0.6617	0.2669	4.9219	5.7455	0.6533	1.3727	0.0562	3.7865	0.3635	0.2311	0.2082	0.4723	2.919	1.0763	0.0419	0.0568	0.482	0.127	0.4884	0.1547	4.1823	242.4279	5.9414	0.2833
141	26-07-21	1.1357	3.0697	2.5159	0.802	3.324	4.5451	0.6436	0.1914	0.6617	0.2659	4.9208	5.7543	0.6538	1.3601	0.0561	3.7814	0.3613	0.2314	0.2079	0.47	2.9099	1.0723	0.0419	0.0563	0.4813	0.1265	0.4863	0.1542	4.1716	242.5619	5.9324	0.2805
142	27-07-21	1.1371	3.0726	2.5152	0.8068	3.3211	4.5481	0.6427	0.1912	0.6615	0.2662	4.9194	5.755	0.6554	1.3621	0.0561	3.792	0.3619	0.2311	0.2079	0.4706	2.9058	1.0721	0.0418	0.0566	0.4834	0.1267	0.4865	0.1553	4.1766	241.2482	5.9353	0.2811
143	28-07-21	1.1332	3.0585	2.5154	0.8051	3.3133	4.5538	0.6406	0.1918	0.6615	0.2646	4.9197	5.7767	0.6556	1.3686	0.056	3.7854	0.3611	0.2319	0.2087	0.4688	2.8911	1.0714	0.0419	0.0566	0.4824	0.1266	0.4861	0.1551	4.1624	240.8675	5.9259	0.2818
144	29-07-21	1.1283	3.0668	2.516	0.81	3.3226	4.5608	0.6416	0.1928	0.6616	0.2634	4.9209	5.7815	0.6555	1.3716	0.0558	3.7736	0.3617	0.2322	0.2085	0.4735	2.8982	1.0728	0.0419	0.0566	0.4832	0.1261	0.4859	0.1541	4.1443	242.5914	5.9158	0.283
145	30-07-21	1.1257	3.0534	2.5154	0.8136	3.3243	4.5704	0.6402	0.1929	0.6615	0.2633	4.9198	5.7754	0.6557	1.3765	0.0556	3.7739	0.3601	0.2312	0.2081	0.4709	2.8978	1.0771	0.0418	0.0566	0.4826	0.1258	0.4918	0.1542	4.1348	243.12	5.908	0.2836
146	02-08-21	1.1256	3.0432	2.514	0.7931	3.3188	4.5687	0.6399	0.1929	0.661	0.2634	4.9171	5.7547	0.6557	1.3781	0.0556	3.773	0.3595	0.2311	0.2085	0.4699	2.8874	1.078	0.0418	0.0567	0.4817	0.1255	0.4934	0.1539	4.1348	240.4651	5.9048	0.2865
147	03-08-21	1.1268	3.0591	2.5147	0.7996	3.307	4.5775	0.6401	0.1928	0.6612	0.2632	4.9183	5.7564	0.6556	1.3852	0.0557	3.7905	0.3606	0.2312	0.2086	0.4717	2.8985	1.0807	0.0418	0.0568	0.4822	0.1253	0.4969	0.1543	4.1388	240.893	5.91	0.2881
148	04-08-21	1.1294	3.0777	2.5147	0.7982	3.3104	4.5849	0.642	0.1933	0.6613	0.2642	4.9184	5.7813	0.6557	1.3871	0.0559	3.7998	0.3629	0.2314	0.2088	0.4713	2.935	1.0821	0.0418	0.0569	0.4824	0.1252	0.491	0.1541	4.1486	241.9139	5.9209	0.2906
149	05-08-21	1.1312	3.0793	2.5143	0.8037	3.3214	4.582	0.6431	0.1934	0.6613	0.2648	4.9176	5.7837	0.6555	1.3889	0.056	3.7908	0.3637	0.2323	0.2084	0.4708	2.9376	1.0804	0.0418	0.0568	0.4827	0.125	0.4856	0.1542	4.1551	241.9299	5.9246	0.289
150	06-08-21	1.133	3.0763	2.5127	0.7932	3.326	4.5827	0.6434	0.1935	0.6608	0.265	4.9145	5.7886	0.6551	1.3929	0.0561	3.7899	0.364	0.2326	0.2088	0.4712	2.9346	1.0791	0.0418	0.0568	0.4827	0.1247	0.4842	0.1552	4.1617	240.654	5.9279	0.2861
151	09-08-21	1.1375	3.069	2.512	0.7987	3.3294	4.5591	0.645	0.1934	0.6606	0.2656	4.9131	5.8033	0.6554	1.3873	0.0563	3.7938	0.3648	0.2332	0.2086	0.4686	2.9286	1.0755	0.0418	0.0569	0.481	0.125	0.4822	0.1558	4.1783	234.1888	5.9404	0.2859
152	10-08-21	1.1415	3.0732	2.5135	0.8011	3.3333	4.5496	0.6467	0.1937	0.661	0.2666	4.9161	5.8096	0.6554	1.3928	0.0563	3.7942	0.3642	0.2346	0.2087	0.4687	2.9281	1.075	0.0418	0.0569	0.481	0.1253	0.4846	0.1567	4.1928	233.2254	5.9524	0.2828
153	11-08-21	1.1427	3.0753	2.5134	0.8087	3.348	4.5437	0.6471	0.1936	0.661	0.2676	4.9158	5.7973	0.6557	1.3856	0.0564	3.7887	0.3623	0.2352	0.2091	0.4706	2.9372	1.0711	0.0418	0.0567	0.481	0.1258	0.4854	0.1565	4.1972	233.9343	5.9534	0.2832
154	12-08-21	1.1393	3.0812	2.5129	0.8018	3.3453	4.5404	0.6462	0.1937	0.6609	0.2666	4.9148	5.8012	0.6554	1.3906	0.0563	3.7902	0.3597	0.236	0.2104	0.474	2.9436	1.07	0.0418	0.057	0.483	0.1267	0.4865	0.1564	4.1849	236.087	5.9455	0.2848
155	13-08-21	1.1383	3.0708	2.5113	0.7958	3.3417	4.5347	0.6452	0.1936	0.6605	0.2663	4.9118	5.7715	0.6551	1.393	0.0563	3.7907	0.3581	0.2365	0.2101	0.4734	2.9304	1.0737	0.0418	0.0569	0.4818	0.1253	0.4894	0.1567	4.1811	236.3219	5.9385	0.2814
156	16-08-21	1.1349	3.0581	2.5114	0.7949	3.3226	4.5612	0.6438	0.1934	0.6605	0.2657	4.912	5.7744	0.6552	1.3963	0.0562	3.8119	0.3579	0.2371	0.2096	0.4718	2.9304	1.0753	0.0418	0.0568	0.4812	0.1247	0.4917	0.1564	4.1685	238.0356	5.9327	0.283
157	17-08-21	1.1382	3.0467	2.5172	0.7947	3.3138	4.5898	0.6452	0.1933	0.662	0.2659	4.9232	5.7713	0.6572	1.4007	0.0563	3.8253	0.356	0.2373	0.2102	0.4729	2.8949	1.0776	0.0419	0.0569	0.4832	0.1257	0.4965	0.1567	4.1809	241.2066	5.947	0.2806
158	18-08-21	1.144	3.0477	2.5185	0.7934	3.3291	4.6017	0.6485	0.1934	0.6624	0.2676	4.9259	5.7806	0.6577	1.4052	0.0566	3.8328	0.3592	0.2383	0.2105	0.4718	2.8982	1.0797	0.0419	0.0572	0.481	0.1262	0.4957	0.1577	4.2021	241.62	5.9654	0.2818
159	19-08-21	1.1474	3.0177	2.5195	0.7833	3.3056	4.6	0.6492	0.1928	0.6626	0.268	4.9278	5.7682	0.6567	1.4028	0.0567	3.8435	0.3584	0.2394	0.209	0.4686	2.8758	1.0751	0.0419	0.0569	0.48	0.1263	0.4937	0.1583	4.2143	242.3477	5.9742	0.2778
160	20-08-21	1.1504	3.0079	2.5226	0.7803	3.2699	4.6037	0.6503	0.1934	0.6634	0.2692	4.9338	5.7544	0.6579	1.4084	0.0568	3.8539	0.357	0.2392	0.2085	0.4653	2.881	1.0748	0.042	0.0567	0.4781	0.1266	0.4946	0.1585	4.2258	242.0234	5.9843	0.2754
161	23-08-21	1.1456	3.0201	2.5224	0.7824	3.3041	4.5895	0.6487	0.1931	0.6634	0.2675	4.9335	5.751	0.658	1.4085	0.0567	3.8225	0.359	0.239	0.2073	0.4703	2.8875	1.0757	0.042	0.0568	0.4807	0.1261	0.4967	0.1582	4.2079	241.8255	5.968	0.276
162	24-08-21	1.1434	3.0365	2.5199	0.7805	3.3251	4.6047	0.6483	0.1931	0.6627	0.267	4.9286	5.758	0.6575	1.4114	0.0566	3.8294	0.36	0.238	0.2063	0.4731	2.9128	1.0755	0.0419	0.0568	0.4827	0.1276	0.4976	0.158	4.2001	243.4899	5.9627	0.2775
163	25-08-21	1.1418	3.0451	2.5198	0.7993	3.3281	4.5916	0.6477	0.193	0.6627	0.2671	4.9284	5.7568	0.658	1.4181	0.0565	3.8193	0.3593	0.2378	0.2078	0.4749	2.9179	1.0786	0.0419	0.0569	0.4822	0.1282	0.4992	0.157	4.1938	241.955	5.9571	0.2808
164	26-08-21	1.1407	3.0414	2.5209	0.8037	3.3231	4.5724	0.6463	0.1928	0.663	0.267	4.9306	5.758	0.6583	1.4132	0.0564	3.804	0.3582	0.2372	0.2062	0.4756	2.9135	1.0778	0.0419	0.0566	0.4814	0.128	0.4996	0.1565	4.1898	240.5063	5.9525	0.2803
165	27-08-21	1.1426	3.0453	2.5224	0.7989	3.3125	4.5728	0.6479	0.1929	0.6635	0.2673	4.9334	5.7529	0.6588	1.4074	0.0569	3.8115	0.359	0.2373	0.2059	0.4756	2.9193	1.077	0.042	0.0567	0.4815	0.1286	0.5001	0.1559	4.197	242.382	5.9598	0.2811
166	30-08-21	1.139	3.0492	2.5231	0.8045	3.3148	4.5734	0.6468	0.1929	0.6637	0.2666	4.9349	5.7526	0.6585	1.4186	0.0571	3.8093	0.3591	0.2374	0.207	0.4816	2.925	1.0804	0.042	0.0568	0.4838	0.129	0.5003	0.1558	4.1837	244.1518	5.9512	0.2847
167	31-08-21	1.1364	3.0589	2.5231	0.8051	3.3172	4.568	0.6459	0.193	0.6636	0.2659	4.9348	5.7458	0.6587	1.4106	0.0572	3.7979	0.361	0.2374	0.2077	0.482	2.9454	1.086	0.042	0.057	0.485	0.1296	0.5015	0.1551	4.1741	243.4821	5.9428	0.2866
168	01-09-21	1.1369	3.0632	2.5229	0.8108	3.3129	4.5549	0.6456	0.1938	0.6636	0.2661	4.9345	5.7421	0.6589	1.4172	0.0571	3.7864	0.3601	0.2366	0.2082	0.4804	2.9427	1.0927	0.042	0.0571	0.4837	0.1291	0.5028	0.1554	4.1756	243.5212	5.9414	0.2887
169	02-09-21	1.1345	3.0784	2.525	0.8035	3.3071	4.5498	0.645	0.1947	0.6642	0.2658	4.9386	5.7492	0.6585	1.422	0.057	3.7894	0.3596	0.2359	0.2087	0.4795	2.9541	1.0955	0.042	0.0572	0.4846	0.1284	0.5029	0.1544	4.1672	243.4013	5.9387	0.2902
170	03-09-21	1.1334	3.0947	2.5266	0.8033	3.318	4.5526	0.6454	0.1946	0.6645	0.2651	4.9416	5.7608	0.659	1.4182	0.057	3.7875	0.3599	0.2352	0.2085	0.4812	2.9662	1.0957	0.042	0.0572	0.4854	0.1276	0.5009	0.1547	4.1633	242.7531	5.9386	0.2892
171	06-09-21	1.1358	3.0989	2.5296	0.8034	3.3228	4.5534	0.6461	0.1949	0.6653	0.2655	4.9475	5.7727	0.6607	1.4237	0.0571	3.7953	0.3604	0.2356	0.2096	0.4813	2.9734	1.0952	0.0421	0.0571	0.4867	0.1285	0.5027	0.1555	4.1718	244.7195	5.9486	0.2919
172	07-09-21	1.1351	3.0875	2.5303	0.8063	3.3154	4.5601	0.6451	0.1947	0.6655	0.2654	4.9488	5.7591	0.6616	1.4218	0.0568	3.7917	0.3585	0.2365	0.2089	0.4812	2.9675	1.0949	0.0421	0.0569	0.4872	0.1278	0.5011	0.1563	4.1693	242.7727	5.945	0.2912
173	08-09-21	1.1402	3.0859	2.5298	0.81	3.3018	4.5483	0.6484	0.1948	0.6654	0.2662	4.9479	5.7634	0.6615	1.4163	0.0569	3.7992	0.3593	0.2367	0.21	0.4809	2.9706	1.096	0.0421	0.057	0.486	0.1278	0.4949	0.1566	4.1882	242.0565	5.9602	0.2926
174	09-09-21	1.1386	3.0852	2.5299	0.7858	3.2968	4.5494	0.6478	0.195	0.6654	0.2664	4.9482	5.7796	0.6618	1.4098	0.0569	3.8056	0.3579	0.2384	0.2101	0.4806	2.9749	1.0918	0.0421	0.0573	0.4854	0.1278	0.4931	0.1566	4.1824	241.3481	5.9585	0.2958
175	10-09-21	1.1367	3.0886	2.5274	0.8032	3.3104	4.5595	0.6485	0.1951	0.6648	0.2658	4.9432	5.7917	0.6602	1.4089	0.0568	3.7973	0.3579	0.2385	0.2098	0.4837	2.9833	1.0876	0.042	0.0574	0.4849	0.1279	0.4953	0.1563	4.1754	241.4689	5.9533	0.296
176	13-09-21	1.1419	3.0862	2.528	0.7995	3.3111	4.5497	0.6498	0.1953	0.6649	0.2668	4.9444	5.7958	0.6614	1.4158	0.0569	3.809	0.3568	0.2385	0.211	0.4858	2.9819	1.0892	0.0421	0.0575	0.4855	0.1275	0.4957	0.1571	4.1944	241.371	5.9679	0.2956
177	14-09-21	1.1401	3.0705	2.5296	0.803	3.3093	4.5425	0.6498	0.1948	0.6653	0.266	4.9475	5.8045	0.6619	1.4139	0.0568	3.8053	0.3575	0.2393	0.2102	0.4861	2.9782	1.0869	0.0421	0.0574	0.4878	0.1272	0.4952	0.1573	4.1877	240.6689	5.9654	0.2944
178	15-09-21	1.1391	3.0684	2.5299	0.7985	3.3026	4.5619	0.6504	0.1954	0.6654	0.2666	4.9481	5.7879	0.6615	1.4173	0.0569	3.8274	0.3585	0.2376	0.2105	0.4884	2.9741	1.0873	0.0421	0.0576	0.4877	0.1273	0.4961	0.157	4.1843	242.4488	5.9655	0.2932
179	16-09-21	1.1445	3.0753	2.5299	0.8049	3.3262	4.5494	0.6522	0.1957	0.6654	0.2676	4.9482	5.8091	0.6601	1.4167	0.0572	3.8419	0.3582	0.2369	0.2114	0.4887	2.9894	1.0823	0.0421	0.058	0.4871	0.1272	0.4964	0.1578	4.2041	240.3689	5.9824	0.2898
180	17-09-21	1.1434	3.0693	2.5295	0.799	3.3177	4.5309	0.6506	0.1955	0.6653	0.2673	4.9473	5.788	0.6591	1.4085	0.0571	3.8197	0.3566	0.2382	0.2105	0.4883	2.9695	1.0802	0.0421	0.0578	0.4872	0.1263	0.4886	0.1575	4.1999	238.6026	5.9736	0.2868
181	20-09-21	1.1509	3.0571	2.5299	0.7993	3.2925	4.5341	0.6538	0.1945	0.6654	0.2693	4.9481	5.7761	0.6593	1.4	0.0573	3.8562	0.3558	0.2382	0.21	0.4819	2.9662	1.0757	0.0421	0.0576	0.4837	0.1268	0.4876	0.1582	4.2275	239.0731	5.9966	0.2856
182	21-09-21	1.1481	3.0691	2.5301	0.7919	3.3056	4.5589	0.6522	0.1948	0.6655	0.2686	4.9485	5.7725	0.6598	1.4022	0.0573	3.8486	0.3562	0.2395	0.2102	0.4865	2.9726	1.0726	0.0421	0.0576	0.4865	0.1263	0.4882	0.158	4.2171	239.506	5.9878	0.2859
183	22-09-21	1.1485	3.057	2.5306	0.8004	3.2971	4.5738	0.6524	0.1948	0.6656	0.2685	4.9495	5.7509	0.6604	1.3946	0.0571	3.8525	0.3565	0.2386	0.2102	0.4871	2.9623	1.0689	0.0421	0.0579	0.4864	0.1262	0.4873	0.1584	4.2188	240.9126	5.988	0.2857
184	23-09-21	1.1494	3.0732	2.5304	0.7982	3.331	4.564	0.6541	0.1953	0.6655	0.2687	4.949	5.7704	0.6604	1.3938	0.0573	3.8391	0.3603	0.2383	0.2109	0.4907	2.9764	1.0756	0.0421	0.0581	0.4886	0.1271	0.4882	0.1589	4.2218	240.3568	5.9914	0.2888
185	24-09-21	1.148	3.0651	2.5304	0.795	3.3246	4.57	0.6524	0.1949	0.6655	0.2686	4.9491	5.7803	0.6602	1.3887	0.0572	3.8196	0.3583	0.2386	0.2093	0.4912	2.9688	1.0742	0.0421	0.0578	0.4886	0.1263	0.4777	0.1583	4.2167	237.8628	5.9852	0.2824
186	27-09-21	1.1515	3.072	2.5303	0.7923	3.3434	4.5605	0.6545	0.1947	0.6655	0.2686	4.9488	5.7938	0.6596	1.3839	0.0573	3.8123	0.3584	0.2383	0.2105	0.4931	2.9635	1.0771	0.0421	0.0583	0.487	0.1262	0.4786	0.1587	4.2297	237.8539	5.9952	0.2813
187	28-09-21	1.1538	3.0744	2.5299	0.786	3.3509	4.567	0.6562	0.1938	0.6654	0.2698	4.9481	5.7829	0.6593	1.3773	0.0572	3.8068	0.3574	0.2388	0.2097	0.4906	2.95	1.0717	0.0421	0.0583	0.4853	0.1256	0.4776	0.1594	4.2382	236.8761	6	0.2808
188	29-09-21	1.1552	3.072	2.5298	0.7816	3.3445	4.5665	0.6562	0.1943	0.6654	0.2703	4.948	5.7361	0.6601	1.3762	0.0572	3.8129	0.3581	0.2396	0.209	0.4877	2.9437	1.069	0.0421	0.0583	0.4848	0.1253	0.479	0.1595	4.2432	237.6492	5.9995	0.2815
189	30-09-21	1.1612	3.0717	2.5294	0.7876	3.3516	4.5627	0.6601	0.1938	0.6653	0.2715	4.9471	5.7431	0.6608	1.3722	0.0575	3.8121	0.3599	0.2402	0.2083	0.4843	2.9301	1.0665	0.0421	0.0587	0.4852	0.1261	0.4785	0.1604	4.2653	237.2903	6.0166	0.2814
190	01-10-21	1.1633	3.0918	2.5298	0.785	3.3656	4.5833	0.6628	0.1957	0.6653	0.2718	4.9479	5.7634	0.6601	1.3787	0.0576	3.8459	0.3603	0.2426	0.2077	0.4901	2.9505	1.0788	0.0421	0.0585	0.4868	0.1271	0.482	0.1605	4.2728	241.1449	6.0298	0.2848
191	04-10-21	1.16	3.0981	2.5293	0.7944	3.3785	4.5866	0.6609	0.1953	0.6652	0.2706	4.9469	5.7889	0.6603	1.3882	0.0573	3.8302	0.3605	0.243	0.2074	0.4952	2.9657	1.0831	0.0421	0.0584	0.4879	0.1261	0.48	0.1603	4.2609	239.9534	6.0209	0.2852
192	05-10-21	1.1614	3.1047	2.5301	0.782	3.3872	4.603	0.6617	0.1952	0.6653	0.2709	4.9485	5.8088	0.6594	1.387	0.0573	3.8371	0.3596	0.2423	0.2077	0.4979	2.9727	1.0763	0.0421	0.0587	0.4889	0.1263	0.4814	0.1615	4.2659	241.0835	6.0277	0.2847
193	06-10-21	1.1668	3.1005	2.53	0.7825	3.3937	4.6084	0.6648	0.1946	0.6651	0.273	4.9483	5.8103	0.6591	1.3738	0.0572	3.843	0.3581	0.2433	0.2056	0.4973	2.9506	1.0754	0.0421	0.059	0.4864	0.1263	0.4805	0.1628	4.2859	240.8789	6.0432	0.2828
194	07-10-21	1.165	3.1174	2.5296	0.7789	3.4014	4.6163	0.6638	0.1945	0.665	0.2726	4.9475	5.8144	0.6586	1.3825	0.0572	3.8396	0.3593	0.245	0.2086	0.497	2.962	1.0888	0.0421	0.0592	0.4871	0.1266	0.4808	0.1625	4.2793	242.2023	6.0379	0.2863
195	08-10-21	1.1642	3.1222	2.5293	0.7749	3.4098	4.6042	0.6633	0.1946	0.6647	0.2724	4.947	5.8251	0.6579	1.375	0.0571	3.823	0.3578	0.2449	0.2073	0.4994	2.9615	1.0745	0.0421	0.0594	0.4878	0.1263	0.4795	0.1623	4.2763	241.8645	6.0344	0.2871
196	11-10-21	1.166	3.1412	2.5302	0.7777	3.4376	4.6147	0.6644	0.1943	0.665	0.2727	4.9486	5.8318	0.6587	1.3685	0.0568	3.7914	0.358	0.2455	0.2064	0.4999	2.9742	1.0723	0.0421	0.0598	0.4889	0.1264	0.4772	0.1625	4.283	241.4471	6.0369	0.2864
197	12-10-21	1.1655	3.1542	2.5301	0.7732	3.4347	4.6172	0.6635	0.1946	0.6651	0.2722	4.9485	5.8252	0.6584	1.3749	0.0567	3.7798	0.3578	0.2462	0.2059	0.5015	2.9781	1.0794	0.0421	0.0596	0.4894	0.128	0.4761	0.1625	4.2811	242.3237	6.0329	0.2858
198	13-10-21	1.166	3.1481	2.5304	0.774	3.4396	4.6147	0.6647	0.1947	0.6651	0.2726	4.949	5.8337	0.6583	1.3735	0.0568	3.7708	0.3594	0.2466	0.2067	0.5026	2.9769	1.0818	0.0421	0.0596	0.489	0.1286	0.4737	0.1626	4.2828	243.411	6.0351	0.2879
199	14-10-21	1.1605	3.1588	2.5303	0.7731	3.4425	4.6305	0.6621	0.1949	0.6651	0.2713	4.9488	5.8472	0.6591	1.3777	0.0566	3.7602	0.3597	0.2465	0.2076	0.506	2.9925	1.0821	0.0421	0.0595	0.495	0.1284	0.4648	0.1587	4.2627	246.1068	6.0206	0.2891
200	15-10-21	1.161	3.1622	2.5301	0.7734	3.4531	4.6171	0.663	0.1948	0.6651	0.2713	4.9484	5.8523	0.6588	1.376	0.0568	3.7293	0.3603	0.2467	0.2074	0.5067	3.0064	1.0828	0.0421	0.0599	0.4938	0.128	0.4618	0.1588	4.2646	244.4451	6.0191	0.2897
201	18-10-21	1.1632	3.1578	2.5299	0.7823	3.4476	4.6125	0.6643	0.1944	0.665	0.2715	4.9481	5.8686	0.659	1.3714	0.0567	3.7355	0.3597	0.2464	0.2087	0.5067	3.015	1.0829	0.0421	0.06	0.4932	0.1277	0.46	0.1623	4.2724	241.9692	6.0269	0.2896
202	19-10-21	1.1555	3.1704	2.5304	0.7699	3.4449	4.619	0.6641	0.1942	0.6651	0.2702	4.949	5.8603	0.6591	1.3745	0.0566	3.7199	0.3603	0.2468	0.2088	0.5081	3.0353	1.0818	0.0421	0.0599	0.4938	0.1273	0.4562	0.1615	4.2444	242.8836	6.0083	0.2908
203	20-10-21	1.159	3.1873	2.5303	0.7622	3.4464	4.6067	0.6656	0.1939	0.6651	0.2705	4.9488	5.8649	0.659	1.364	0.0569	3.7194	0.3622	0.2455	0.2104	0.5069	3.0487	1.0804	0.0421	0.06	0.4939	0.1275	0.4564	0.1625	4.257	243.4131	6.0174	0.2937
204	21-10-21	1.1567	3.1804	2.5293	0.759	3.4441	4.6231	0.6642	0.1931	0.6649	0.2706	4.947	5.8624	0.6587	1.3638	0.0567	3.724	0.3611	0.2451	0.2098	0.5101	3.05	1.0772	0.0421	0.0598	0.4945	0.1275	0.4572	0.1619	4.2484	244.162	6.0106	0.293
205	22-10-21	1.1571	3.1895	2.5292	0.751	3.4449	4.6354	0.6652	0.1928	0.6648	0.2707	4.9467	5.8655	0.6574	1.3601	0.0568	3.7324	0.3617	0.2435	0.2099	0.5094	3.0478	1.0747	0.0421	0.0602	0.4955	0.1275	0.4428	0.1617	4.2501	244.9416	6.0138	0.2911
206	25-10-21	1.1587	3.1834	2.5294	0.7532	3.4405	4.6294	0.6664	0.1924	0.6649	0.2709	4.9472	5.8502	0.6571	1.3567	0.0567	3.7459	0.3639	0.2433	0.2108	0.5091	3.0349	1.0737	0.0421	0.0607	0.4948	0.1275	0.4356	0.1614	4.256	246.172	6.0189	0.2881
207	26-10-21	1.1594	3.1944	2.5296	0.7666	3.4423	4.628	0.6673	0.1926	0.6651	0.2707	4.9476	5.875	0.6573	1.3533	0.0568	3.7354	0.3654	0.2435	0.2115	0.51	3.0538	1.0747	0.0421	0.0614	0.4948	0.1286	0.4499	0.1612	4.2587	246.8735	6.0225	0.2889
208	27-10-21	1.1623	3.2012	2.5302	0.7669	3.4383	4.6485	0.6676	0.1925	0.6652	0.2711	4.9486	5.8647	0.6585	1.3549	0.0569	3.7578	0.3641	0.243	0.2112	0.5073	3.0491	1.0712	0.0421	0.0607	0.495	0.128	0.4482	0.1617	4.2693	245.2878	6.0312	0.2847
209	28-10-21	1.1629	3.208	2.5304	0.7715	3.4537	4.648	0.6676	0.1924	0.6653	0.2713	4.949	5.8714	0.6586	1.3601	0.057	3.7569	0.3649	0.2433	0.2103	0.5072	3.0638	1.0694	0.0421	0.0607	0.4966	0.1283	0.4436	0.1622	4.2715	246.7254	6.033	0.2819
210	29-10-21	1.1562	3.2009	2.5303	0.7522	3.4414	4.6615	0.664	0.1928	0.6653	0.2703	4.9489	5.8529	0.6581	1.3708	0.0567	3.7346	0.3628	0.2434	0.2075	0.5076	3.0482	1.0719	0.0421	0.0602	0.4973	0.1281	0.4417	0.1617	4.2471	245.4817	6.0108	0.2773
211	01-11-21	1.1644	3.2088	2.5303	0.7587	3.4565	4.6751	0.6686	0.1932	0.6652	0.2723	4.9488	5.8372	0.6575	1.3734	0.0571	3.7437	0.3632	0.2433	0.2084	0.5071	3.0706	1.0702	0.0421	0.0604	0.4988	0.1282	0.4478	0.1627	4.2769	245.6884	6.0325	0.279
212	02-11-21	1.1611	3.1832	2.5302	0.7509	3.4379	4.6767	0.6666	0.1936	0.6652	0.2714	4.9487	5.8152	0.6571	1.3741	0.0571	3.7564	0.3626	0.2447	0.2046	0.5045	3.0434	1.0734	0.0421	0.0594	0.4997	0.1283	0.4476	0.1622	4.265	245.8282	6.0232	0.2758
213	03-11-21	1.1626	3.1789	2.5304	0.7518	3.44	4.6886	0.6677	0.1934	0.6653	0.2718	4.949	5.8169	0.6583	1.378	0.0573	3.7501	0.3614	0.2435	0.2059	0.5023	3.0497	1.0761	0.0421	0.0594	0.4992	0.1282	0.4418	0.1628	4.2704	244.7707	6.027	0.2774
214	04-11-21	1.1667	3.1822	2.5302	0.7716	3.4515	4.6904	0.6697	0.1937	0.6654	0.2726	4.9486	5.8418	0.6578	1.3734	0.0575	3.7615	0.3615	0.2437	0.2086	0.5015	3.0567	1.0742	0.0421	0.0598	0.4996	0.1282	0.4415	0.1638	4.2852	245.1057	6.0408	0.2806
215	05-11-21	1.168	3.1626	2.5301	0.7657	3.4387	4.6819	0.6699	0.1951	0.6653	0.2733	4.9485	5.7641	0.658	1.3746	0.0577	3.7684	0.3612	0.2446	0.2083	0.4994	3.0362	1.0741	0.0421	0.0599	0.4991	0.1288	0.442	0.1643	4.2904	247.4745	6.0383	0.281
216	08-11-21	1.1645	3.1676	2.5303	0.7717	3.4361	4.6761	0.6687	0.1959	0.6654	0.2724	4.9489	5.7713	0.6581	1.376	0.0578	3.7713	0.3614	0.245	0.2097	0.5005	3.0589	1.0765	0.0421	0.0599	0.497	0.1296	0.4402	0.164	4.2772	249.9328	6.0304	0.2839
217	09-11-21	1.1622	3.1691	2.5299	0.7699	3.4328	4.6758	0.668	0.1964	0.6653	0.2719	4.9482	5.8026	0.6584	1.3675	0.0576	3.7835	0.3634	0.2439	0.2103	0.503	3.0555	1.0777	0.0421	0.0601	0.499	0.1302	0.4398	0.1635	4.2688	250.5768	6.0287	0.286
218	10-11-21	1.1641	3.1489	2.5304	0.7801	3.4419	4.6863	0.6691	0.1964	0.6654	0.2723	4.949	5.7863	0.6585	1.368	0.0575	3.7779	0.3631	0.2434	0.2102	0.5013	3.0357	1.0753	0.0421	0.0604	0.4972	0.1305	0.4362	0.1641	4.2758	250.9331	6.0322	0.2831
219	11-11-21	1.1755	3.1479	2.5303	0.7862	3.4369	4.6916	0.6745	0.1957	0.6654	0.2743	4.9489	5.7794	0.6587	1.3543	0.058	3.7857	0.3651	0.2441	0.2096	0.4969	3.0284	1.0679	0.0421	0.0607	0.4954	0.1312	0.434	0.1655	4.3175	258.4365	6.0623	0.2811
220	12-11-21	1.1771	3.1548	2.5296	0.8007	3.4337	4.685	0.6775	0.1958	0.6653	0.275	4.9476	5.7907	0.6586	1.3509	0.0581	3.7911	0.3669	0.2456	0.2089	0.4978	3.0317	1.065	0.0421	0.0599	0.4944	0.1317	0.4355	0.1655	4.3235	256.7016	6.0699	0.2824
221	15-11-21	1.1767	3.1832	2.5303	0.792	3.4506	4.6987	0.6769	0.1961	0.6654	0.2751	4.9489	5.7994	0.6588	1.3501	0.0581	3.7953	0.3665	0.2459	0.2107	0.4999	3.0542	1.0678	0.0421	0.0598	0.494	0.1321	0.4322	0.164	4.3218	258.7929	6.0701	0.2847
222	16-11-21	1.1862	3.1961	2.5302	0.7983	3.4775	4.6936	0.6822	0.1962	0.6654	0.2775	4.9487	5.8592	0.6588	1.3554	0.0586	3.8139	0.3688	0.2454	0.2117	0.5006	3.0592	1.0607	0.0421	0.0599	0.4929	0.1333	0.4269	0.1649	4.3568	262.4832	6.103	0.2858
223	17-11-21	1.1912	3.1828	2.5304	0.7949	3.4803	4.7016	0.6856	0.1963	0.6655	0.2778	4.9491	5.8778	0.6592	1.3571	0.0589	3.8123	0.3703	0.2473	0.2109	0.5004	3.061	1.0621	0.0421	0.0601	0.4941	0.1337	0.418	0.1649	4.3747	261.747	6.1186	0.2817
224	18-11-21	1.1882	3.1789	2.5303	0.7892	3.4643	4.7089	0.6837	0.1962	0.6655	0.2778	4.9488	5.8893	0.6588	1.3655	0.0587	3.8225	0.369	0.2479	0.2109	0.4986	3.0766	1.063	0.0421	0.0599	0.4923	0.1341	0.4143	0.165	4.3642	261.0566	6.1125	0.2805
225	19-11-21	1.1923	3.1715	2.5304	0.7879	3.4622	4.7253	0.6854	0.1948	0.6655	0.2789	4.949	5.8794	0.6588	1.3534	0.059	3.8439	0.3689	0.2472	0.2101	0.4921	3.0687	1.0567	0.0421	0.0597	0.4896	0.1338	0.3933	0.1648	4.3793	262.2056	6.1248	0.2784
226	22-11-21	1.1942	3.1832	2.5304	0.7814	3.4707	4.7222	0.6875	0.1945	0.6655	0.2791	4.9491	5.8918	0.6583	1.3421	0.059	3.8416	0.3696	0.2481	0.2105	0.4914	3.0726	1.0498	0.0421	0.0591	0.4888	0.1333	0.3919	0.1646	4.3863	259.307	6.1321	0.2789
227	23-11-21	1.1966	3.1758	2.5302	0.7867	3.4518	4.72	0.6881	0.1947	0.6655	0.2798	4.9487	5.8777	0.6573	1.3349	0.0591	3.8273	0.3698	0.2483	0.2086	0.4908	3.0451	1.0495	0.0421	0.0586	0.4892	0.1329	0.3573	0.1635	4.3957	253.8224	6.135	0.2783
228	24-11-21	1.2014	3.1843	2.5304	0.792	3.4781	4.7159	0.6908	0.1941	0.6655	0.2802	4.9491	5.8974	0.6577	1.3455	0.0593	3.8358	0.3717	0.2488	0.2077	0.4945	3.0479	1.059	0.0421	0.0592	0.4855	0.1324	0.3529	0.1639	4.4127	253.7999	6.1504	0.2785
229	25-11-21	1.2006	3.1697	2.5304	0.7865	3.4817	4.7253	0.6904	0.1944	0.6655	0.2807	4.949	5.8752	0.658	1.3486	0.0592	3.8231	0.3703	0.2491	0.2058	0.492	3.0216	1.0604	0.0421	0.0591	0.4857	0.1322	0.3675	0.1633	4.4097	253.9563	6.1449	0.2783
230	26-11-21	1.1943	3.1289	2.5304	0.788	3.4377	4.7398	0.6866	0.1929	0.6655	0.2791	4.9491	5.8407	0.658	1.3444	0.0586	3.8469	0.3669	0.2489	0.2005	0.4851	2.9909	1.0534	0.0421	0.0581	0.4828	0.1302	0.3624	0.1619	4.3869	255.1246	6.1277	0.2705
231	29-11-21	1.1939	3.135	2.5304	0.7817	3.4429	4.7366	0.6872	0.1925	0.6655	0.2792	4.949	5.8544	0.6575	1.3432	0.0584	3.8663	0.3683	0.2474	0.1995	0.4827	2.9949	1.0536	0.0421	0.0585	0.4799	0.1303	0.3462	0.1614	4.3853	253.3079	6.1308	0.2719
232	02-12-21	1.1894	3.1039	2.5304	0.767	3.4149	4.7466	0.6853	0.1947	0.6655	0.2781	4.949	5.8169	0.658	1.366	0.0583	3.862	0.3714	0.2465	0.2049	0.4814	2.9771	1.0753	0.0421	0.0591	0.4817	0.129	0.3254	0.1601	4.3688	249.3428	6.1154	0.2759
233	03-12-21	1.1915	3.0868	2.5302	0.7751	3.4089	4.7595	0.687	0.1948	0.6655	0.2786	4.9487	5.8121	0.6574	1.3605	0.0583	3.8642	0.3702	0.246	0.2056	0.4799	2.9655	1.0766	0.0421	0.0594	0.4807	0.1293	0.3195	0.1602	4.3767	249.2179	6.1216	0.2737
234	06-12-21	1.1921	3.078	2.53	0.7745	3.4205	4.75	0.6866	0.1945	0.6654	0.2787	4.9483	5.8051	0.6575	1.3562	0.058	3.8668	0.3708	0.247	0.2058	0.4793	2.9559	1.0778	0.0421	0.0593	0.4811	0.1293	0.3178	0.16	4.3786	250.8945	6.1218	0.2738
235	07-12-21	1.1966	3.115	2.5301	0.7725	3.4599	4.755	0.6902	0.1942	0.6655	0.2796	4.9485	5.8231	0.6577	1.3527	0.0583	3.8684	0.373	0.2476	0.2069	0.4853	2.9757	1.0759	0.0421	0.0591	0.483	0.1305	0.3202	0.1607	4.3946	251.5919	6.1365	0.2754
236	08-12-21	1.193	3.122	2.5303	0.7806	3.4666	4.7448	0.6902	0.1944	0.6655	0.2789	4.9488	5.7881	0.6576	1.3445	0.0581	3.8643	0.3723	0.249	0.2086	0.4877	2.9674	1.0775	0.0421	0.0594	0.4825	0.1308	0.3206	0.1611	4.382	252.5141	6.1259	0.2772
237	09-12-21	1.1909	3.1301	2.5304	0.7906	3.4509	4.7448	0.6891	0.1947	0.6656	0.2784	4.9491	5.7689	0.6576	1.3519	0.0579	3.8532	0.3721	0.2486	0.2087	0.4889	2.9751	1.0733	0.0421	0.0594	0.483	0.1307	0.3178	0.1615	4.3743	250.8061	6.1174	0.2767
238	10-12-21	1.1958	3.1406	2.5304	0.7881	3.4534	4.7488	0.6896	0.1949	0.6655	0.2796	4.949	5.7961	0.6576	1.3531	0.058	3.8623	0.3719	0.2477	0.2095	0.488	2.9746	1.0728	0.0421	0.0598	0.4836	0.1304	0.3188	0.1626	4.3923	250.0596	6.1318	0.2751
239	13-12-21	1.1961	3.1316	2.5304	0.7827	3.4444	4.7526	0.6903	0.1951	0.6655	0.2797	4.9491	5.8177	0.658	1.3504	0.058	3.865	0.3718	0.2482	0.2104	0.4883	2.9748	1.0713	0.0421	0.0599	0.4837	0.1317	0.3082	0.1635	4.3933	252.3703	6.1354	0.2757
240	14-12-21	1.1907	3.1153	2.5305	0.7699	3.4123	4.7572	0.6874	0.1949	0.6656	0.2783	4.9492	5.7892	0.658	1.3515	0.0576	3.8517	0.3698	0.2477	0.2082	0.4823	2.9561	1.0669	0.0421	0.0594	0.4817	0.1311	0.3053	0.1622	4.3734	251.0014	6.1167	0.2725
241	15-12-21	1.1962	3.1299	2.5303	0.7733	3.4117	4.751	0.6902	0.1958	0.6655	0.279	4.9489	5.8239	0.6581	1.3408	0.0576	3.8601	0.3699	0.2466	0.2072	0.4823	2.9623	1.0706	0.0421	0.0595	0.4815	0.1314	0.299	0.1613	4.3937	249.7379	6.1355	0.2708
242	16-12-21	1.1923	3.153	2.5304	0.7709	3.4256	4.7348	0.6876	0.1959	0.6656	0.2782	4.9491	5.817	0.6583	1.3397	0.0575	3.8362	0.3699	0.2477	0.2085	0.4882	2.984	1.0688	0.0421	0.0596	0.4831	0.1309	0.2878	0.1609	4.3793	251.4744	6.121	0.2741
243	17-12-21	1.1898	3.1283	2.5305	0.7683	3.4119	4.7595	0.6848	0.1957	0.6655	0.2777	4.9492	5.8062	0.658	1.3451	0.0575	3.8496	0.3689	0.2472	0.2099	0.4855	2.9544	1.068	0.0421	0.0593	0.4831	0.1311	0.2633	0.1604	4.3703	253.992	6.1136	0.2745
244	20-12-21	1.1956	3.1215	2.5303	0.771	3.4003	4.7537	0.6888	0.1962	0.6655	0.2797	4.9488	5.7952	0.6585	1.3487	0.0579	3.8655	0.3683	0.2467	0.2108	0.4848	2.9498	1.0675	0.0421	0.0591	0.4816	0.1309	0.2512	0.161	4.3917	253.8506	6.1308	0.2773
245	21-12-21	1.1931	3.1265	2.5304	0.7631	3.3881	4.759	0.6879	0.1963	0.6656	0.2782	4.9491	5.8081	0.658	1.346	0.058	3.8546	0.3674	0.2472	0.2106	0.4872	2.9617	1.0697	0.0421	0.0592	0.4799	0.1301	0.3427	0.1608	4.3821	253.1698	6.1243	0.2771
246	22-12-21	1.1929	3.1385	2.5303	0.7626	3.3951	4.7456	0.6877	0.1962	0.6655	0.2789	4.9489	5.8346	0.6579	1.3452	0.058	3.8341	0.3678	0.2465	0.2109	0.4922	2.9701	1.0703	0.0421	0.0594	0.4801	0.1298	0.3516	0.1607	4.3815	252.2519	6.1236	0.2755
247	23-12-21	1.1891	3.1638	2.5303	0.7724	3.4079	4.7496	0.6857	0.1971	0.6655	0.278	4.9488	5.8621	0.6584	1.3399	0.0581	3.8207	0.3681	0.2456	0.2108	0.4937	2.9873	1.0679	0.0421	0.0595	0.4798	0.1304	0.387	0.1604	4.3677	253.5698	6.1142	0.2777
248	24-12-21	1.1885	3.1607	2.5304	0.7692	3.4128	4.7589	0.6855	0.1978	0.6656	0.2779	4.949	5.8513	0.6588	1.3359	0.0582	3.8171	0.3679	0.2453	0.2116	0.4942	2.9785	1.0692	0.0421	0.0595	0.4805	0.1307	0.3653	0.1603	4.3655	253.2841	6.1115	0.2811
249	27-12-21	1.1904	3.155	2.5305	0.7704	3.4085	4.7604	0.6861	0.1973	0.6656	0.2783	4.9492	5.8612	0.6598	1.334	0.0583	3.8134	0.3682	0.2449	0.2116	0.4922	2.9732	1.0721	0.0421	0.0595	0.4793	0.1303	0.3835	0.1602	4.3725	253.8838	6.1166	0.2817
250	28-12-21	1.1893	3.1662	2.5304	0.7765	3.4139	4.7668	0.6859	0.1979	0.6655	0.2781	4.9491	5.8747	0.659	1.3398	0.0585	3.8045	0.3676	0.2456	0.2112	0.4956	2.9757	1.0752	0.0421	0.0594	0.482	0.1305	0.3673	0.1606	4.3683	255.2455	6.1139	0.2775
251	29-12-21	1.1938	3.1667	2.5304	0.779	3.4191	4.7722	0.6885	0.1983	0.6655	0.2784	4.949	5.8857	0.658	1.3405	0.0587	3.8119	0.3695	0.2457	0.2124	0.4964	2.9812	1.0758	0.0421	0.0594	0.4832	0.1309	0.3519	0.1612	4.3849	253.1886	6.1281	0.277
252	30-12-21	1.1907	3.1749	2.5302	0.7668	3.4192	4.7713	0.6861	0.1981	0.6655	0.2777	4.9486	5.8951	0.6578	1.338	0.0588	3.7986	0.3679	0.2471	0.2127	0.4952	2.9869	1.0765	0.0421	0.0586	0.4824	0.1311	0.333	0.1602	4.3735	253.2628	6.118	0.2747
253	31-12-21	1.1899	3.1736	2.5299	0.7845	3.4344	4.7884	0.6887	0.199	0.6653	0.2782	4.9481	5.8994	0.6582	1.3391	0.0588	3.7967	0.3679	0.2463	0.2134	0.4957	2.9885	1.0768	0.0421	0.0583	0.4828	0.1317	0.3277	0.1599	4.3707	255.6927	6.119	0.2745
